/
/ circloO level
/ Made with circloO Level Editor
totalCircles 2 1
/ EDITOR_TOOL 1 select
/ EDITOR_VIEW 1500 1500 0.3
/ EDT 14400
/ _SAVE_TIME_1782243067_END
levelscriptVersion 10
COLORS 135
grav 1 270
b 1215.0 905.0 115.0 5.0 0
< 0
b 1560.0 905.0 220.0 5.0 0
< 1
b 1125.0 915.0 15.0 5.0 0
< 2
b 1185.0 925.0 5.0 15.0 0
< 3
b 1235.0 915.0 5.0 5.0 0
< 4
b 1255.0 920.0 5.0 10.0 0
< 5
b 1280.0 915.0 10.0 5.0 0
< 6
b 1330.0 915.0 10.0 5.0 0
< 7
b 1360.0 915.0 10.0 5.0 0
< 8
b 1410.0 915.0 10.0 5.0 0
< 9
b 1435.0 920.0 5.0 10.0 0
< 10
b 1455.0 920.0 5.0 10.0 0
< 11
b 1495.0 940.0 5.0 30.0 0
< 12
b 1515.0 945.0 5.0 35.0 0
< 13
b 1535.0 940.0 5.0 30.0 0
< 14
b 1555.0 915.0 5.0 5.0 0
< 15
b 1580.0 915.0 10.0 5.0 0
< 16
b 1625.0 915.0 25.0 5.0 0
< 17
b 1670.0 920.0 10.0 10.0 0
< 18
b 1700.0 915.0 10.0 5.0 0
< 19
b 1730.0 915.0 10.0 5.0 0
< 20
b 1755.0 915.0 5.0 5.0 0
< 21
b 1105.0 925.0 5.0 5.0 0
< 22
b 1125.0 950.0 5.0 30.0 0
< 23
b 1160.0 925.0 20.0 5.0 0
< 24
b 1210.0 925.0 20.0 5.0 0
< 25
b 1245.0 925.0 5.0 5.0 0
< 26
b 1270.0 935.0 10.0 15.0 0
< 27
b 1305.0 925.0 15.0 5.0 0
< 28
b 1345.0 925.0 5.0 5.0 0
< 29
b 1390.0 925.0 20.0 5.0 0
< 30
b 1425.0 935.0 5.0 15.0 0
< 31
b 1445.0 925.0 5.0 5.0 0
< 32
b 1475.0 925.0 15.0 5.0 0
< 33
b 1505.0 930.0 5.0 10.0 0
< 34
b 1525.0 925.0 5.0 5.0 0
< 35
b 1545.0 930.0 5.0 10.0 0
< 36
b 1570.0 925.0 10.0 5.0 0
< 37
b 1600.0 925.0 10.0 5.0 0
< 38
b 1625.0 930.0 5.0 10.0 0
< 39
b 1650.0 925.0 10.0 5.0 0
< 40
b 1690.0 925.0 10.0 5.0 0
< 41
b 1715.0 925.0 5.0 5.0 0
< 42
b 1740.0 925.0 10.0 5.0 0
< 43
b 1770.0 925.0 10.0 5.0 0
< 44
b 1115.0 935.0 5.0 5.0 0
< 45
b 1135.0 940.0 5.0 10.0 0
< 46
b 1155.0 935.0 5.0 5.0 0
< 47
b 1175.0 945.0 5.0 15.0 0
< 48
b 1195.0 945.0 5.0 15.0 0
< 49
b 1215.0 950.0 5.0 20.0 0
< 50
b 1235.0 940.0 5.0 10.0 0
< 51
b 1295.0 940.0 15.0 10.0 0
< 52
b 1330.0 935.0 10.0 5.0 0
< 53
b 1365.0 935.0 15.0 5.0 0
< 54
b 1395.0 960.0 5.0 30.0 0
< 55
b 1415.0 940.0 5.0 10.0 0
< 56
b 1470.0 940.0 10.0 10.0 0
< 57
b 1555.0 935.0 5.0 5.0 0
< 58
b 1585.0 935.0 15.0 5.0 0
< 59
b 1615.0 935.0 5.0 5.0 0
< 60
b 1635.0 935.0 5.0 5.0 0
< 61
b 1655.0 970.0 5.0 40.0 0
< 62
b 1700.0 935.0 10.0 5.0 0
< 63
b 1725.0 935.0 5.0 5.0 0
< 64
b 1760.0 935.0 10.0 5.0 0
< 65
b 1105.0 945.0 5.0 5.0 0
< 66
b 1145.0 945.0 5.0 5.0 0
< 67
b 1165.0 960.0 5.0 20.0 0
< 68
b 1205.0 945.0 5.0 5.0 0
< 69
b 1225.0 950.0 5.0 10.0 0
< 70
b 1250.0 945.0 10.0 5.0 0
< 71
b 1315.0 945.0 5.0 5.0 0
< 72
b 1345.0 945.0 5.0 5.0 0
< 73
b 1380.0 945.0 10.0 5.0 0
< 74
b 1405.0 945.0 5.0 5.0 0
< 75
b 1445.0 945.0 15.0 5.0 0
< 76
b 1485.0 945.0 5.0 5.0 0
< 77
b 1525.0 945.0 5.0 5.0 0
< 78
b 1570.0 945.0 10.0 5.0 0
< 79
b 1600.0 945.0 10.0 5.0 0
< 80
b 1645.0 945.0 5.0 5.0 0
< 81
b 1680.0 945.0 20.0 5.0 0
< 82
b 1715.0 945.0 5.0 5.0 0
< 83
b 1745.0 945.0 15.0 5.0 0
< 84
b 1775.0 945.0 5.0 5.0 0
< 85
b 1115.0 955.0 5.0 5.0 0
< 86
b 1155.0 955.0 5.0 5.0 0
< 87
b 1185.0 955.0 5.0 5.0 0
< 88
b 1245.0 965.0 5.0 15.0 0
< 89
b 1285.0 970.0 5.0 20.0 0
< 90
b 1330.0 955.0 10.0 5.0 0
< 91
b 1360.0 955.0 10.0 5.0 0
< 92
b 1435.0 970.0 5.0 20.0 0
< 93
b 1475.0 960.0 5.0 10.0 0
< 94
b 1505.0 955.0 5.0 5.0 0
< 95
b 1550.0 955.0 10.0 5.0 0
< 96
b 1585.0 955.0 15.0 5.0 0
< 97
b 1625.0 955.0 15.0 5.0 0
< 98
b 1695.0 955.0 15.0 5.0 0
< 99
b 1725.0 965.0 5.0 15.0 0
< 100
b 1760.0 955.0 10.0 5.0 0
< 101
b 1105.0 965.0 5.0 5.0 0
< 102
b 1140.0 965.0 10.0 5.0 0
< 103
b 1205.0 965.0 5.0 5.0 0
< 104
b 1235.0 970.0 5.0 10.0 0
< 105
b 1265.0 965.0 15.0 5.0 0
< 106
b 1305.0 965.0 15.0 5.0 0
< 107
b 1345.0 965.0 5.0 5.0 0
< 108
b 1380.0 965.0 10.0 5.0 0
< 109
b 1415.0 965.0 15.0 5.0 0
< 110
b 1455.0 965.0 15.0 5.0 0
< 111
b 1485.0 1025.0 5.0 65.0 0
< 112
b 1525.0 965.0 5.0 5.0 0
< 113
b 1565.0 965.0 15.0 5.0 0
< 114
b 1600.0 965.0 10.0 5.0 0
< 115
b 1645.0 965.0 5.0 5.0 0
< 116
b 1675.0 965.0 15.0 5.0 0
< 117
b 1710.0 965.0 10.0 5.0 0
< 118
b 1745.0 965.0 15.0 5.0 0
< 119
b 1775.0 965.0 5.0 5.0 0
< 120
b 1115.0 975.0 5.0 5.0 0
< 121
b 1155.0 985.0 5.0 15.0 0
< 122
b 1185.0 975.0 15.0 5.0 0
< 123
b 1225.0 980.0 5.0 10.0 0
< 124
b 1330.0 975.0 10.0 5.0 0
< 125
b 1360.0 975.0 10.0 5.0 0
< 126
b 1465.0 1030.0 5.0 60.0 0
< 127
b 1505.0 1150.0 5.0 180.0 0
< 128
b 1550.0 975.0 10.0 5.0 0
< 129
b 1585.0 975.0 15.0 5.0 0
< 130
b 1625.0 975.0 15.0 5.0 0
< 131
b 1690.0 975.0 10.0 5.0 0
< 132
b 1745.0 975.0 5.0 5.0 0
< 133
b 1765.0 975.0 5.0 5.0 0
< 134
b 1105.0 985.0 5.0 5.0 0
< 135
b 1140.0 985.0 10.0 5.0 0
< 136
b 1175.0 990.0 5.0 10.0 0
< 137
b 1205.0 985.0 15.0 5.0 0
< 138
b 1265.0 985.0 15.0 5.0 0
< 139
b 1305.0 985.0 15.0 5.0 0
< 140
b 1345.0 985.0 5.0 5.0 0
< 141
b 1380.0 985.0 10.0 5.0 0
< 142
b 1415.0 985.0 15.0 5.0 0
< 143
b 1450.0 985.0 10.0 5.0 0
< 144
b 1475.0 985.0 5.0 5.0 0
< 145
b 1495.0 985.0 5.0 5.0 0
< 146
b 1535.0 985.0 15.0 5.0 0
< 147
b 1570.0 985.0 10.0 5.0 0
< 148
b 1600.0 985.0 10.0 5.0 0
< 149
b 1645.0 985.0 5.0 5.0 0
< 150
b 1670.0 985.0 10.0 5.0 0
< 151
b 1705.0 985.0 15.0 5.0 0
< 152
b 1735.0 985.0 5.0 5.0 0
< 153
b 1755.0 985.0 5.0 5.0 0
< 154
b 1775.0 985.0 5.0 5.0 0
< 155
b 1115.0 995.0 5.0 5.0 0
< 156
b 1135.0 995.0 5.0 5.0 0
< 157
b 1165.0 1000.0 5.0 10.0 0
< 158
b 1185.0 995.0 5.0 5.0 0
< 159
b 1215.0 995.0 5.0 5.0 0
< 160
b 1240.0 995.0 10.0 5.0 0
< 161
b 1275.0 995.0 5.0 5.0 0
< 162
b 1295.0 1000.0 5.0 10.0 0
< 163
b 1330.0 995.0 10.0 5.0 0
< 164
b 1360.0 995.0 10.0 5.0 0
< 165
b 1405.0 1000.0 5.0 10.0 0
< 166
b 1425.0 1015.0 5.0 25.0 0
< 167
b 1445.0 1020.0 5.0 30.0 0
< 168
b 1515.0 995.0 5.0 5.0 0
< 169
b 1535.0 1000.0 5.0 10.0 0
< 170
b 1555.0 1000.0 5.0 10.0 0
< 171
b 1585.0 995.0 5.0 5.0 0
< 172
b 1625.0 995.0 15.0 5.0 0
< 173
b 1685.0 1015.0 5.0 25.0 0
< 174
b 1705.0 1000.0 5.0 10.0 0
< 175
b 1725.0 1000.0 5.0 10.0 0
< 176
b 1745.0 1000.0 5.0 10.0 0
< 177
b 1765.0 995.0 5.0 5.0 0
< 178
b 1105.0 1005.0 5.0 5.0 0
< 179
b 1125.0 1005.0 5.0 5.0 0
< 180
b 1145.0 1005.0 5.0 5.0 0
< 181
b 1200.0 1005.0 10.0 5.0 0
< 182
b 1230.0 1005.0 10.0 5.0 0
< 183
b 1260.0 1005.0 10.0 5.0 0
< 184
b 1310.0 1005.0 10.0 5.0 0
< 185
b 1345.0 1005.0 5.0 5.0 0
< 186
b 1375.0 1005.0 5.0 5.0 0
< 187
b 1395.0 1020.0 5.0 20.0 0
< 188
b 1415.0 1025.0 5.0 25.0 0
< 189
b 1435.0 1020.0 5.0 20.0 0
< 190
b 1455.0 1030.0 5.0 30.0 0
< 191
b 1475.0 1050.0 5.0 50.0 0
< 192
b 1495.0 1160.0 5.0 160.0 0
< 193
b 1525.0 1005.0 5.0 5.0 0
< 194
b 1570.0 1005.0 10.0 5.0 0
< 195
b 1600.0 1005.0 10.0 5.0 0
< 196
b 1625.0 1005.0 5.0 5.0 0
< 197
b 1645.0 1005.0 5.0 5.0 0
< 198
b 1675.0 1005.0 5.0 5.0 0
< 199
b 1715.0 1005.0 5.0 5.0 0
< 200
b 1775.0 1010.0 5.0 10.0 0
< 201
b 1115.0 1015.0 5.0 5.0 0
< 202
b 1135.0 1020.0 5.0 10.0 0
< 203
b 1155.0 1015.0 5.0 5.0 0
< 204
b 1180.0 1015.0 10.0 5.0 0
< 205
b 1220.0 1015.0 10.0 5.0 0
< 206
b 1250.0 1015.0 10.0 5.0 0
< 207
b 1285.0 1015.0 5.0 5.0 0
< 208
b 1325.0 1015.0 5.0 5.0 0
< 209
b 1355.0 1015.0 5.0 5.0 0
< 210
b 1385.0 1025.0 5.0 15.0 0
< 211
b 1515.0 1200.0 5.0 190.0 0
< 212
b 1545.0 1015.0 5.0 5.0 0
< 213
b 1585.0 1015.0 15.0 5.0 0
< 214
b 1615.0 1015.0 5.0 5.0 0
< 215
b 1635.0 1015.0 5.0 5.0 0
< 216
b 1665.0 1015.0 5.0 5.0 0
< 217
b 1695.0 1015.0 5.0 5.0 0
< 218
b 1735.0 1020.0 5.0 10.0 0
< 219
b 1755.0 1015.0 5.0 5.0 0
< 220
b 1105.0 1025.0 5.0 5.0 0
< 221
b 1125.0 1030.0 5.0 10.0 0
< 222
b 1145.0 1025.0 5.0 5.0 0
< 223
b 1200.0 1025.0 10.0 5.0 0
< 224
b 1235.0 1025.0 5.0 5.0 0
< 225
b 1270.0 1025.0 10.0 5.0 0
< 226
b 1305.0 1025.0 5.0 5.0 0
< 227
b 1340.0 1025.0 10.0 5.0 0
< 228
b 1370.0 1035.0 10.0 15.0 0
< 229
b 1405.0 1030.0 5.0 10.0 0
< 230
b 1535.0 1025.0 5.0 5.0 0
< 231
b 1560.0 1025.0 10.0 5.0 0
< 232
b 1600.0 1025.0 10.0 5.0 0
< 233
b 1625.0 1025.0 5.0 5.0 0
< 234
b 1655.0 1025.0 5.0 5.0 0
< 235
b 1675.0 1025.0 5.0 5.0 0
< 236
b 1710.0 1025.0 10.0 5.0 0
< 237
b 1765.0 1025.0 5.0 5.0 0
< 238
b 1115.0 1035.0 5.0 5.0 0
< 239
b 1155.0 1035.0 5.0 5.0 0
< 240
b 1190.0 1035.0 10.0 5.0 0
< 241
b 1220.0 1035.0 10.0 5.0 0
< 242
b 1260.0 1035.0 10.0 5.0 0
< 243
b 1290.0 1035.0 10.0 5.0 0
< 244
b 1325.0 1035.0 15.0 5.0 0
< 245
b 1355.0 1050.0 5.0 20.0 0
< 246
b 1525.0 1190.0 5.0 160.0 0
< 247
b 1545.0 1035.0 5.0 5.0 0
< 248
b 1580.0 1035.0 10.0 5.0 0
< 249
b 1610.0 1035.0 10.0 5.0 0
< 250
b 1640.0 1035.0 10.0 5.0 0
< 251
b 1725.0 1035.0 5.0 5.0 0
< 252
b 1750.0 1035.0 10.0 5.0 0
< 253
b 1775.0 1035.0 5.0 5.0 0
< 254
b 1105.0 1045.0 5.0 5.0 0
< 255
b 1135.0 1050.0 5.0 10.0 0
< 256
b 1170.0 1045.0 10.0 5.0 0
< 257
b 1205.0 1045.0 5.0 5.0 0
< 258
b 1225.0 1045.0 5.0 5.0 0
< 259
b 1250.0 1045.0 10.0 5.0 0
< 260
b 1275.0 1045.0 5.0 5.0 0
< 261
b 1345.0 1045.0 5.0 5.0 0
< 262
b 1535.0 1190.0 5.0 150.0 0
< 263
b 1565.0 1045.0 15.0 5.0 0
< 264
b 1600.0 1045.0 10.0 5.0 0
< 265
b 1665.0 1050.0 5.0 10.0 0
< 266
b 1705.0 1045.0 15.0 5.0 0
< 267
b 1735.0 1050.0 5.0 10.0 0
< 268
b 1755.0 1045.0 5.0 5.0 0
< 269
b 1115.0 1055.0 5.0 5.0 0
< 270
b 1155.0 1055.0 5.0 5.0 0
< 271
b 1175.0 1055.0 5.0 5.0 0
< 272
b 1195.0 1055.0 5.0 5.0 0
< 273
b 1215.0 1055.0 5.0 5.0 0
< 274
b 1285.0 1055.0 5.0 5.0 0
< 275
b 1305.0 1055.0 5.0 5.0 0
< 276
b 1325.0 1055.0 5.0 5.0 0
< 277
b 1375.0 1055.0 5.0 5.0 0
< 278
b 1435.0 1055.0 5.0 5.0 0
< 279
b 1565.0 1055.0 5.0 5.0 0
< 280
b 1585.0 1065.0 5.0 15.0 0
< 281
b 1615.0 1055.0 15.0 5.0 0
< 282
b 1645.0 1055.0 5.0 5.0 0
< 283
b 1675.0 1060.0 5.0 10.0 0
< 284
b 1695.0 1055.0 5.0 5.0 0
< 285
b 1715.0 1055.0 5.0 5.0 0
< 286
b 1745.0 1060.0 5.0 10.0 0
< 287
b 1770.0 1055.0 10.0 5.0 0
< 288
b 1105.0 1065.0 5.0 5.0 0
< 289
b 1125.0 1065.0 5.0 5.0 0
< 290
b 1145.0 1065.0 5.0 5.0 0
< 291
b 1165.0 1065.0 5.0 5.0 0
< 292
b 1185.0 1065.0 5.0 5.0 0
< 293
b 1205.0 1065.0 5.0 5.0 0
< 294
b 1235.0 1065.0 5.0 5.0 0
< 295
b 1265.0 1065.0 5.0 5.0 0
< 296
b 1295.0 1065.0 5.0 5.0 0
< 297
b 1315.0 1065.0 5.0 5.0 0
< 298
b 1340.0 1065.0 10.0 5.0 0
< 299
b 1445.0 1065.0 5.0 5.0 0
< 300
b 1550.0 1065.0 10.0 5.0 0
< 301
b 1575.0 1065.0 5.0 5.0 0
< 302
b 1595.0 1065.0 5.0 5.0 0
< 303
b 1615.0 1065.0 5.0 5.0 0
< 304
b 1635.0 1065.0 5.0 5.0 0
< 305
b 1655.0 1065.0 5.0 5.0 0
< 306
b 1685.0 1065.0 5.0 5.0 0
< 307
b 1705.0 1065.0 5.0 5.0 0
< 308
b 1725.0 1065.0 5.0 5.0 0
< 309
b 1135.0 1075.0 5.0 5.0 0
< 310
b 1155.0 1090.0 5.0 20.0 0
< 311
b 1175.0 1075.0 5.0 5.0 0
< 312
b 1215.0 1075.0 5.0 5.0 0
< 313
b 1245.0 1075.0 5.0 5.0 0
< 314
b 1280.0 1075.0 10.0 5.0 0
< 315
b 1345.0 1225.0 5.0 155.0 0
< 316
b 1375.0 1075.0 5.0 5.0 0
< 317
b 1435.0 1075.0 5.0 5.0 0
< 318
b 1455.0 1075.0 5.0 5.0 0
< 319
b 1545.0 1220.0 5.0 150.0 0
< 320
b 1645.0 1080.0 5.0 10.0 0
< 321
b 1665.0 1075.0 5.0 5.0 0
< 322
b 1715.0 1075.0 5.0 5.0 0
< 323
b 1735.0 1080.0 5.0 10.0 0
< 324
b 1755.0 1075.0 5.0 5.0 0
< 325
b 1110.0 1085.0 10.0 5.0 0
< 326
b 1195.0 1085.0 5.0 5.0 0
< 327
b 1225.0 1085.0 5.0 5.0 0
< 328
b 1255.0 1085.0 5.0 5.0 0
< 329
b 1300.0 1085.0 10.0 5.0 0
< 330
b 1330.0 1240.0 10.0 160.0 0
< 331
b 1355.0 1090.0 5.0 10.0 0
< 332
b 1445.0 1085.0 5.0 5.0 0
< 333
b 1565.0 1085.0 15.0 5.0 0
< 334
b 1615.0 1085.0 15.0 5.0 0
< 335
b 1655.0 1085.0 5.0 5.0 0
< 336
b 1685.0 1085.0 5.0 5.0 0
< 337
b 1705.0 1085.0 5.0 5.0 0
< 338
b 1725.0 1090.0 5.0 10.0 0
< 339
b 1775.0 1090.0 5.0 10.0 0
< 340
b 1135.0 1100.0 5.0 10.0 0
< 341
b 1165.0 1095.0 5.0 5.0 0
< 342
b 1185.0 1095.0 5.0 5.0 0
< 343
b 1205.0 1100.0 5.0 10.0 0
< 344
b 1245.0 1095.0 5.0 5.0 0
< 345
b 1265.0 1095.0 5.0 5.0 0
< 346
b 1295.0 1095.0 5.0 5.0 0
< 347
b 1385.0 1095.0 5.0 5.0 0
< 348
b 1405.0 1095.0 5.0 5.0 0
< 349
b 1455.0 1095.0 5.0 5.0 0
< 350
b 1555.0 1245.0 5.0 155.0 0
< 351
b 1590.0 1095.0 10.0 5.0 0
< 352
b 1630.0 1095.0 10.0 5.0 0
< 353
b 1675.0 1095.0 5.0 5.0 0
< 354
b 1715.0 1095.0 5.0 5.0 0
< 355
b 1745.0 1095.0 5.0 5.0 0
< 356
b 1765.0 1095.0 5.0 5.0 0
< 357
b 1115.0 1105.0 15.0 5.0 0
< 358
b 1145.0 1105.0 5.0 5.0 0
< 359
b 1175.0 1105.0 5.0 5.0 0
< 360
b 1215.0 1105.0 5.0 5.0 0
< 361
b 1235.0 1105.0 5.0 5.0 0
< 362
b 1285.0 1105.0 5.0 5.0 0
< 363
b 1305.0 1105.0 5.0 5.0 0
< 364
b 1445.0 1105.0 5.0 5.0 0
< 365
b 1465.0 1105.0 5.0 5.0 0
< 366
b 1485.0 1110.0 5.0 10.0 0
< 367
b 1570.0 1105.0 10.0 5.0 0
< 368
b 1605.0 1105.0 15.0 5.0 0
< 369
b 1635.0 1110.0 5.0 10.0 0
< 370
b 1655.0 1105.0 5.0 5.0 0
< 371
b 1695.0 1105.0 5.0 5.0 0
< 372
b 1735.0 1115.0 5.0 15.0 0
< 373
b 1755.0 1110.0 5.0 10.0 0
< 374
b 1105.0 1325.0 5.0 215.0 0
< 375
b 1125.0 1205.0 5.0 95.0 0
< 376
b 1165.0 1115.0 5.0 5.0 0
< 377
b 1190.0 1115.0 10.0 5.0 0
< 378
b 1225.0 1115.0 5.0 5.0 0
< 379
b 1245.0 1115.0 5.0 5.0 0
< 380
b 1275.0 1115.0 5.0 5.0 0
< 381
b 1365.0 1125.0 5.0 15.0 0
< 382
b 1385.0 1115.0 5.0 5.0 0
< 383
b 1425.0 1120.0 15.0 10.0 0
< 384
b 1455.0 1125.0 5.0 15.0 0
< 385
b 1475.0 1120.0 5.0 10.0 0
< 386
b 1585.0 1115.0 15.0 5.0 0
< 387
b 1620.0 1115.0 10.0 5.0 0
< 388
b 1645.0 1115.0 5.0 5.0 0
< 389
b 1675.0 1115.0 5.0 5.0 0
< 390
b 1715.0 1115.0 5.0 5.0 0
< 391
b 1745.0 1115.0 5.0 5.0 0
< 392
b 1770.0 1115.0 10.0 5.0 0
< 393
b 1115.0 1140.0 5.0 20.0 0
< 394
b 1145.0 1125.0 15.0 5.0 0
< 395
b 1175.0 1125.0 5.0 5.0 0
< 396
b 1210.0 1125.0 10.0 5.0 0
< 397
b 1235.0 1125.0 5.0 5.0 0
< 398
b 1255.0 1140.0 5.0 20.0 0
< 399
b 1310.0 1125.0 10.0 5.0 0
< 400
b 1355.0 1130.0 5.0 10.0 0
< 401
b 1375.0 1130.0 5.0 10.0 0
< 402
b 1445.0 1130.0 5.0 10.0 0
< 403
b 1465.0 1130.0 5.0 10.0 0
< 404
b 1570.0 1125.0 10.0 5.0 0
< 405
b 1600.0 1125.0 10.0 5.0 0
< 406
b 1655.0 1125.0 5.0 5.0 0
< 407
b 1695.0 1125.0 15.0 5.0 0
< 408
b 1725.0 1125.0 5.0 5.0 0
< 409
b 1775.0 1125.0 5.0 5.0 0
< 410
b 1140.0 1135.0 10.0 5.0 0
< 411
b 1165.0 1180.0 5.0 50.0 0
< 412
b 1190.0 1135.0 10.0 5.0 0
< 413
b 1220.0 1150.0 10.0 20.0 0
< 414
b 1245.0 1135.0 5.0 5.0 0
< 415
b 1265.0 1135.0 5.0 5.0 0
< 416
b 1285.0 1155.0 5.0 25.0 0
< 417
b 1315.0 1135.0 5.0 5.0 0
< 418
b 1400.0 1135.0 20.0 5.0 0
< 419
b 1435.0 1135.0 5.0 5.0 0
< 420
b 1485.0 1135.0 5.0 5.0 0
< 421
b 1585.0 1135.0 15.0 5.0 0
< 422
b 1630.0 1135.0 20.0 5.0 0
< 423
b 1675.0 1135.0 5.0 5.0 0
< 424
b 1715.0 1140.0 5.0 10.0 0
< 425
b 1745.0 1140.0 5.0 10.0 0
< 426
b 1765.0 1135.0 5.0 5.0 0
< 427
b 1150.0 1145.0 10.0 5.0 0
< 428
b 1185.0 1145.0 5.0 5.0 0
< 429
b 1205.0 1145.0 5.0 5.0 0
< 430
b 1235.0 1150.0 5.0 10.0 0
< 431
b 1305.0 1145.0 5.0 5.0 0
< 432
b 1415.0 1145.0 5.0 5.0 0
< 433
b 1475.0 1145.0 5.0 5.0 0
< 434
b 1575.0 1150.0 15.0 10.0 0
< 435
b 1610.0 1155.0 10.0 15.0 0
< 436
b 1640.0 1155.0 10.0 15.0 0
< 437
b 1665.0 1145.0 5.0 5.0 0
< 438
b 1695.0 1145.0 15.0 5.0 0
< 439
b 1735.0 1150.0 5.0 10.0 0
< 440
b 1755.0 1155.0 5.0 15.0 0
< 441
b 1775.0 1145.0 5.0 5.0 0
< 442
b 1135.0 1170.0 5.0 20.0 0
< 443
b 1155.0 1170.0 5.0 20.0 0
< 444
b 1175.0 1160.0 5.0 10.0 0
< 445
b 1195.0 1160.0 5.0 10.0 0
< 446
b 1245.0 1215.0 5.0 65.0 0
< 447
b 1270.0 1155.0 10.0 5.0 0
< 448
b 1295.0 1185.0 5.0 35.0 0
< 449
b 1315.0 1215.0 5.0 65.0 0
< 450
b 1375.0 1155.0 5.0 5.0 0
< 451
b 1400.0 1155.0 10.0 5.0 0
< 452
b 1435.0 1155.0 5.0 5.0 0
< 453
b 1455.0 1155.0 5.0 5.0 0
< 454
b 1485.0 1215.0 5.0 65.0 0
< 455
b 1595.0 1160.0 5.0 10.0 0
< 456
b 1625.0 1160.0 5.0 10.0 0
< 457
b 1655.0 1160.0 5.0 10.0 0
< 458
b 1685.0 1160.0 5.0 10.0 0
< 459
b 1705.0 1170.0 5.0 20.0 0
< 460
b 1725.0 1175.0 5.0 25.0 0
< 461
b 1765.0 1155.0 5.0 5.0 0
< 462
b 1145.0 1165.0 5.0 5.0 0
< 463
b 1185.0 1200.0 5.0 40.0 0
< 464
b 1205.0 1170.0 5.0 10.0 0
< 465
b 1265.0 1170.0 5.0 10.0 0
< 466
b 1305.0 1210.0 5.0 50.0 0
< 467
b 1365.0 1165.0 5.0 5.0 0
< 468
b 1470.0 1165.0 10.0 5.0 0
< 469
b 1565.0 1310.0 5.0 150.0 0
< 470
b 1585.0 1190.0 5.0 30.0 0
< 471
b 1695.0 1165.0 5.0 5.0 0
< 472
b 1745.0 1180.0 5.0 20.0 0
< 473
b 1775.0 1170.0 5.0 10.0 0
< 474
b 1115.0 1175.0 5.0 5.0 0
< 475
b 1230.0 1175.0 10.0 5.0 0
< 476
b 1255.0 1200.0 5.0 30.0 0
< 477
b 1275.0 1205.0 5.0 35.0 0
< 478
b 1385.0 1185.0 5.0 15.0 0
< 479
b 1415.0 1175.0 15.0 5.0 0
< 480
b 1445.0 1175.0 5.0 5.0 0
< 481
b 1465.0 1185.0 5.0 15.0 0
< 482
b 1575.0 1185.0 5.0 15.0 0
< 483
b 1615.0 1185.0 5.0 15.0 0
< 484
b 1670.0 1175.0 10.0 5.0 0
< 485
b 1715.0 1175.0 5.0 5.0 0
< 486
b 1735.0 1175.0 5.0 5.0 0
< 487
b 1765.0 1185.0 5.0 15.0 0
< 488
b 1145.0 1205.0 5.0 25.0 0
< 489
b 1175.0 1195.0 5.0 15.0 0
< 490
b 1195.0 1185.0 5.0 5.0 0
< 491
b 1215.0 1190.0 5.0 10.0 0
< 492
b 1235.0 1195.0 5.0 15.0 0
< 493
b 1355.0 1185.0 5.0 5.0 0
< 494
b 1375.0 1185.0 5.0 5.0 0
< 495
b 1410.0 1200.0 10.0 20.0 0
< 496
b 1475.0 1185.0 5.0 5.0 0
< 497
b 1600.0 1195.0 10.0 15.0 0
< 498
b 1640.0 1190.0 20.0 10.0 0
< 499
b 1690.0 1195.0 10.0 15.0 0
< 500
b 1115.0 1195.0 5.0 5.0 0
< 501
b 1205.0 1220.0 5.0 30.0 0
< 502
b 1225.0 1215.0 5.0 25.0 0
< 503
b 1265.0 1200.0 5.0 10.0 0
< 504
b 1285.0 1275.0 5.0 85.0 0
< 505
b 1435.0 1195.0 5.0 5.0 0
< 506
b 1670.0 1200.0 10.0 10.0 0
< 507
b 1715.0 1205.0 5.0 15.0 0
< 508
b 1735.0 1210.0 5.0 20.0 0
< 509
b 1755.0 1220.0 5.0 30.0 0
< 510
b 1775.0 1195.0 5.0 5.0 0
< 511
b 1135.0 1205.0 5.0 5.0 0
< 512
b 1155.0 1205.0 5.0 5.0 0
< 513
b 1195.0 1205.0 5.0 5.0 0
< 514
b 1355.0 1290.0 5.0 90.0 0
< 515
b 1375.0 1205.0 5.0 5.0 0
< 516
b 1450.0 1205.0 10.0 5.0 0
< 517
b 1475.0 1255.0 5.0 55.0 0
< 518
b 1625.0 1265.0 5.0 65.0 0
< 519
b 1650.0 1225.0 10.0 25.0 0
< 520
b 1705.0 1215.0 5.0 15.0 0
< 521
b 1115.0 1285.0 5.0 75.0 0
< 522
b 1215.0 1215.0 5.0 5.0 0
< 523
b 1365.0 1215.0 5.0 5.0 0
< 524
b 1385.0 1215.0 5.0 5.0 0
< 525
b 1430.0 1215.0 10.0 5.0 0
< 526
b 1460.0 1245.0 10.0 35.0 0
< 527
b 1575.0 1300.0 5.0 90.0 0
< 528
b 1610.0 1220.0 10.0 10.0 0
< 529
b 1635.0 1220.0 5.0 10.0 0
< 530
b 1665.0 1225.0 5.0 15.0 0
< 531
b 1685.0 1215.0 5.0 5.0 0
< 532
b 1725.0 1225.0 5.0 15.0 0
< 533
b 1745.0 1215.0 5.0 5.0 0
< 534
b 1770.0 1220.0 10.0 10.0 0
< 535
b 1135.0 1270.0 5.0 50.0 0
< 536
b 1155.0 1360.0 5.0 140.0 0
< 537
b 1175.0 1235.0 5.0 15.0 0
< 538
b 1195.0 1240.0 5.0 20.0 0
< 539
b 1235.0 1295.0 5.0 75.0 0
< 540
b 1265.0 1250.0 5.0 30.0 0
< 541
b 1415.0 1225.0 5.0 5.0 0
< 542
b 1595.0 1300.0 5.0 80.0 0
< 543
b 1675.0 1275.0 5.0 55.0 0
< 544
b 1695.0 1280.0 5.0 60.0 0
< 545
b 1215.0 1250.0 5.0 20.0 0
< 546
b 1295.0 1235.0 5.0 5.0 0
< 547
b 1370.0 1280.0 10.0 50.0 0
< 548
b 1400.0 1235.0 10.0 5.0 0
< 549
b 1435.0 1235.0 15.0 5.0 0
< 550
b 1585.0 1245.0 5.0 15.0 0
< 551
b 1605.0 1250.0 5.0 20.0 0
< 552
b 1685.0 1255.0 5.0 25.0 0
< 553
b 1715.0 1260.0 5.0 30.0 0
< 554
b 1745.0 1245.0 5.0 15.0 0
< 555
b 1775.0 1275.0 5.0 45.0 0
< 556
b 1145.0 1250.0 5.0 10.0 0
< 557
b 1165.0 1295.0 5.0 55.0 0
< 558
b 1255.0 1270.0 5.0 30.0 0
< 559
b 1415.0 1260.0 5.0 20.0 0
< 560
b 1440.0 1275.0 10.0 35.0 0
< 561
b 1615.0 1250.0 5.0 10.0 0
< 562
b 1635.0 1255.0 5.0 15.0 0
< 563
b 1705.0 1250.0 5.0 10.0 0
< 564
b 1735.0 1275.0 5.0 35.0 0
< 565
b 1765.0 1270.0 5.0 30.0 0
< 566
b 1185.0 1310.0 5.0 60.0 0
< 567
b 1225.0 1270.0 5.0 20.0 0
< 568
b 1275.0 1260.0 5.0 10.0 0
< 569
b 1295.0 1255.0 5.0 5.0 0
< 570
b 1385.0 1295.0 5.0 45.0 0
< 571
b 1405.0 1280.0 5.0 30.0 0
< 572
b 1425.0 1275.0 5.0 25.0 0
< 573
b 1660.0 1260.0 10.0 10.0 0
< 574
b 1725.0 1260.0 5.0 10.0 0
< 575
b 1175.0 1280.0 5.0 20.0 0
< 576
b 1205.0 1275.0 5.0 15.0 0
< 577
b 1395.0 1290.0 5.0 30.0 0
< 578
b 1645.0 1275.0 5.0 15.0 0
< 579
b 1755.0 1270.0 5.0 10.0 0
< 580
b 1145.0 1330.0 5.0 60.0 0
< 581
b 1195.0 1280.0 5.0 10.0 0
< 582
b 1300.0 1275.0 10.0 5.0 0
< 583
b 1585.0 1320.0 5.0 50.0 0
< 584
b 1615.0 1280.0 5.0 10.0 0
< 585
b 1665.0 1280.0 5.0 10.0 0
< 586
b 1705.0 1280.0 5.0 10.0 0
< 587
b 1745.0 1285.0 5.0 15.0 0
< 588
b 1215.0 1315.0 5.0 35.0 0
< 589
b 1275.0 1295.0 5.0 15.0 0
< 590
b 1305.0 1285.0 5.0 5.0 0
< 591
b 1455.0 1285.0 5.0 5.0 0
< 592
b 1605.0 1595.0 5.0 315.0 0
< 593
b 1635.0 1595.0 5.0 315.0 0
< 594
b 1655.0 1290.0 5.0 10.0 0
< 595
b 1725.0 1285.0 5.0 5.0 0
< 596
b 1245.0 1295.0 5.0 5.0 0
< 597
b 1265.0 1465.0 5.0 175.0 0
< 598
b 1295.0 1470.0 5.0 180.0 0
< 599
b 1315.0 1300.0 5.0 10.0 0
< 600
b 1465.0 1300.0 5.0 10.0 0
< 601
b 1485.0 1295.0 5.0 5.0 0
< 602
b 1685.0 1300.0 5.0 10.0 0
< 603
b 1755.0 1305.0 5.0 15.0 0
< 604
b 1200.0 1320.0 10.0 20.0 0
< 605
b 1225.0 1320.0 5.0 20.0 0
< 606
b 1305.0 1380.0 5.0 80.0 0
< 607
b 1455.0 1305.0 5.0 5.0 0
< 608
b 1615.0 1305.0 5.0 5.0 0
< 609
b 1645.0 1315.0 5.0 15.0 0
< 610
b 1665.0 1315.0 5.0 15.0 0
< 611
b 1715.0 1305.0 15.0 5.0 0
< 612
b 1125.0 1325.0 5.0 15.0 0
< 613
b 1175.0 1335.0 5.0 25.0 0
< 614
b 1250.0 1355.0 10.0 45.0 0
< 615
b 1415.0 1315.0 5.0 5.0 0
< 616
b 1435.0 1315.0 5.0 5.0 0
< 617
b 1485.0 1325.0 5.0 15.0 0
< 618
b 1655.0 1325.0 5.0 15.0 0
< 619
b 1715.0 1315.0 5.0 5.0 0
< 620
b 1745.0 1345.0 5.0 35.0 0
< 621
b 1765.0 1330.0 5.0 20.0 0
< 622
b 1275.0 1495.0 5.0 175.0 0
< 623
b 1315.0 1400.0 5.0 80.0 0
< 624
b 1615.0 1615.0 5.0 295.0 0
< 625
b 1685.0 1325.0 5.0 5.0 0
< 626
b 1705.0 1325.0 5.0 5.0 0
< 627
b 1730.0 1325.0 10.0 5.0 0
< 628
b 1135.0 1350.0 5.0 20.0 0
< 629
b 1365.0 1335.0 5.0 5.0 0
< 630
b 1720.0 1350.0 10.0 20.0 0
< 631
b 1755.0 1340.0 5.0 10.0 0
< 632
b 1775.0 1335.0 5.0 5.0 0
< 633
b 1195.0 1355.0 5.0 15.0 0
< 634
b 1465.0 1345.0 5.0 5.0 0
< 635
b 1505.0 1345.0 5.0 5.0 0
< 636
b 1625.0 1625.0 5.0 285.0 0
< 637
b 1645.0 1625.0 5.0 285.0 0
< 638
b 1675.0 1345.0 15.0 5.0 0
< 639
b 1705.0 1345.0 5.0 5.0 0
< 640
b 1735.0 1345.0 5.0 5.0 0
< 641
b 1125.0 1375.0 5.0 25.0 0
< 642
b 1205.0 1355.0 5.0 5.0 0
< 643
b 1225.0 1365.0 5.0 15.0 0
< 644
b 1425.0 1355.0 5.0 5.0 0
< 645
b 1445.0 1355.0 5.0 5.0 0
< 646
b 1485.0 1355.0 5.0 5.0 0
< 647
b 1535.0 1380.0 5.0 30.0 0
< 648
b 1695.0 1360.0 5.0 10.0 0
< 649
b 1775.0 1355.0 5.0 5.0 0
< 650
b 1165.0 1375.0 5.0 15.0 0
< 651
b 1215.0 1365.0 5.0 5.0 0
< 652
b 1375.0 1365.0 5.0 5.0 0
< 653
b 1405.0 1365.0 5.0 5.0 0
< 654
b 1475.0 1365.0 5.0 5.0 0
< 655
b 1500.0 1365.0 10.0 5.0 0
< 656
b 1525.0 1365.0 5.0 5.0 0
< 657
b 1670.0 1365.0 20.0 5.0 0
< 658
b 1705.0 1365.0 5.0 5.0 0
< 659
b 1760.0 1365.0 10.0 5.0 0
< 660
b 1115.0 1380.0 5.0 10.0 0
< 661
b 1175.0 1395.0 5.0 25.0 0
< 662
b 1205.0 1375.0 5.0 5.0 0
< 663
b 1285.0 1510.0 5.0 140.0 0
< 664
b 1435.0 1375.0 5.0 5.0 0
< 665
b 1465.0 1375.0 5.0 5.0 0
< 666
b 1505.0 1375.0 5.0 5.0 0
< 667
b 1735.0 1375.0 5.0 5.0 0
< 668
b 1770.0 1375.0 10.0 5.0 0
< 669
b 1135.0 1405.0 5.0 25.0 0
< 670
b 1190.0 1385.0 10.0 5.0 0
< 671
b 1215.0 1400.0 5.0 20.0 0
< 672
b 1235.0 1400.0 5.0 20.0 0
< 673
b 1425.0 1385.0 5.0 5.0 0
< 674
b 1485.0 1385.0 5.0 5.0 0
< 675
b 1525.0 1400.0 5.0 20.0 0
< 676
b 1545.0 1385.0 5.0 5.0 0
< 677
b 1585.0 1385.0 5.0 5.0 0
< 678
b 1690.0 1385.0 40.0 5.0 0
< 679
b 1775.0 1385.0 5.0 5.0 0
< 680
b 1200.0 1415.0 10.0 25.0 0
< 681
b 1225.0 1400.0 5.0 10.0 0
< 682
b 1345.0 1395.0 5.0 5.0 0
< 683
b 1365.0 1395.0 5.0 5.0 0
< 684
b 1385.0 1395.0 5.0 5.0 0
< 685
b 1505.0 1395.0 5.0 5.0 0
< 686
b 1595.0 1650.0 5.0 260.0 0
< 687
b 1675.0 1460.0 25.0 70.0 0
< 688
b 1740.0 1395.0 30.0 5.0 0
< 689
b 1115.0 1430.0 5.0 30.0 0
< 690
b 1145.0 1445.0 5.0 45.0 0
< 691
b 1165.0 1420.0 5.0 20.0 0
< 692
b 1185.0 1405.0 5.0 5.0 0
< 693
b 1405.0 1405.0 5.0 5.0 0
< 694
b 1475.0 1405.0 5.0 5.0 0
< 695
b 1495.0 1405.0 5.0 5.0 0
< 696
b 1515.0 1405.0 5.0 5.0 0
< 697
b 1545.0 1480.0 5.0 80.0 0
< 698
b 1580.0 1420.0 10.0 20.0 0
< 699
b 1710.0 1405.0 10.0 5.0 0
< 700
b 1775.0 1405.0 5.0 5.0 0
< 701
b 1125.0 1660.0 5.0 250.0 0
< 702
b 1250.0 1460.0 10.0 50.0 0
< 703
b 1325.0 1430.0 5.0 20.0 0
< 704
b 1445.0 1415.0 5.0 5.0 0
< 705
b 1505.0 1660.0 5.0 250.0 0
< 706
b 1555.0 1580.0 5.0 170.0 0
< 707
b 1725.0 1425.0 15.0 15.0 0
< 708
b 1765.0 1450.0 5.0 40.0 0
< 709
b 1185.0 1440.0 5.0 20.0 0
< 710
b 1225.0 1425.0 5.0 5.0 0
< 711
b 1335.0 1535.0 5.0 115.0 0
< 712
b 1355.0 1430.0 5.0 10.0 0
< 713
b 1385.0 1425.0 5.0 5.0 0
< 714
b 1485.0 1565.0 5.0 145.0 0
< 715
b 1515.0 1665.0 5.0 245.0 0
< 716
b 1535.0 1665.0 5.0 245.0 0
< 717
b 1705.0 1665.0 5.0 245.0 0
< 718
b 1750.0 1430.0 10.0 10.0 0
< 719
b 1775.0 1425.0 5.0 5.0 0
< 720
b 1175.0 1440.0 5.0 10.0 0
< 721
b 1235.0 1490.0 5.0 60.0 0
< 722
b 1375.0 1440.0 5.0 10.0 0
< 723
b 1475.0 1440.0 5.0 10.0 0
< 724
b 1495.0 1435.0 5.0 5.0 0
< 725
b 1525.0 1570.0 5.0 140.0 0
< 726
b 1135.0 1450.0 5.0 10.0 0
< 727
b 1215.0 1450.0 15.0 10.0 0
< 728
b 1345.0 1545.0 5.0 105.0 0
< 729
b 1365.0 1550.0 5.0 110.0 0
< 730
b 1400.0 1445.0 20.0 5.0 0
< 731
b 1445.0 1465.0 5.0 25.0 0
< 732
b 1465.0 1575.0 5.0 135.0 0
< 733
b 1585.0 1460.0 5.0 20.0 0
< 734
b 1720.0 1480.0 10.0 40.0 0
< 735
b 1745.0 1675.0 5.0 235.0 0
< 736
b 1775.0 1450.0 5.0 10.0 0
< 737
b 1165.0 1680.0 5.0 230.0 0
< 738
b 1355.0 1485.0 5.0 35.0 0
< 739
b 1385.0 1460.0 5.0 10.0 0
< 740
b 1420.0 1455.0 20.0 5.0 0
< 741
b 1495.0 1680.0 5.0 230.0 0
< 742
b 1575.0 1480.0 5.0 30.0 0
< 743
b 1735.0 1460.0 5.0 10.0 0
< 744
b 1755.0 1460.0 5.0 10.0 0
< 745
b 1175.0 1470.0 5.0 10.0 0
< 746
b 1195.0 1480.0 5.0 20.0 0
< 747
b 1220.0 1550.0 10.0 90.0 0
< 748
b 1325.0 1550.0 5.0 90.0 0
< 749
b 1375.0 1465.0 5.0 5.0 0
< 750
b 1395.0 1565.0 5.0 105.0 0
< 751
b 1425.0 1570.0 5.0 110.0 0
< 752
b 1455.0 1590.0 5.0 130.0 0
< 753
b 1475.0 1620.0 5.0 160.0 0
< 754
b 1115.0 1485.0 5.0 15.0 0
< 755
b 1135.0 1490.0 5.0 20.0 0
< 756
b 1185.0 1495.0 5.0 25.0 0
< 757
b 1205.0 1485.0 5.0 15.0 0
< 758
b 1305.0 1560.0 5.0 90.0 0
< 759
b 1410.0 1500.0 10.0 30.0 0
< 760
b 1435.0 1490.0 5.0 20.0 0
< 761
b 1565.0 1690.0 5.0 220.0 0
< 762
b 1775.0 1495.0 5.0 25.0 0
< 763
b 1380.0 1485.0 10.0 5.0 0
< 764
b 1735.0 1495.0 5.0 15.0 0
< 765
b 1755.0 1695.0 5.0 215.0 0
< 766
b 1175.0 1495.0 5.0 5.0 0
< 767
b 1315.0 1565.0 5.0 75.0 0
< 768
b 1385.0 1525.0 5.0 35.0 0
< 769
b 1585.0 1495.0 5.0 5.0 0
< 770
b 1145.0 1510.0 5.0 10.0 0
< 771
b 1375.0 1580.0 5.0 80.0 0
< 772
b 1445.0 1595.0 5.0 95.0 0
< 773
b 1765.0 1515.0 5.0 15.0 0
< 774
b 1115.0 1520.0 5.0 10.0 0
< 775
b 1155.0 1515.0 5.0 5.0 0
< 776
b 1200.0 1515.0 10.0 5.0 0
< 777
b 1255.0 1530.0 5.0 20.0 0
< 778
b 1585.0 1710.0 5.0 200.0 0
< 779
b 1135.0 1525.0 5.0 5.0 0
< 780
b 1175.0 1530.0 5.0 10.0 0
< 781
b 1195.0 1545.0 5.0 25.0 0
< 782
b 1245.0 1600.0 5.0 80.0 0
< 783
b 1435.0 1610.0 5.0 90.0 0
< 784
b 1575.0 1610.0 5.0 90.0 0
< 785
b 1730.0 1525.0 10.0 5.0 0
< 786
b 1150.0 1535.0 10.0 5.0 0
< 787
b 1205.0 1560.0 5.0 30.0 0
< 788
b 1355.0 1590.0 5.0 60.0 0
< 789
b 1405.0 1600.0 5.0 70.0 0
< 790
b 1670.0 1720.0 20.0 190.0 0
< 791
b 1720.0 1720.0 10.0 190.0 0
< 792
b 1775.0 1570.0 5.0 40.0 0
< 793
b 1115.0 1560.0 5.0 20.0 0
< 794
b 1135.0 1550.0 5.0 10.0 0
< 795
b 1155.0 1725.0 5.0 185.0 0
< 796
b 1185.0 1560.0 5.0 20.0 0
< 797
b 1415.0 1610.0 5.0 70.0 0
< 798
b 1695.0 1725.0 5.0 185.0 0
< 799
b 1735.0 1550.0 5.0 10.0 0
< 800
b 1765.0 1550.0 5.0 10.0 0
< 801
b 1105.0 1585.0 5.0 35.0 0
< 802
b 1145.0 1730.0 5.0 180.0 0
< 803
b 1175.0 1730.0 5.0 180.0 0
< 804
b 1235.0 1595.0 5.0 35.0 0
< 805
b 1255.0 1590.0 5.0 30.0 0
< 806
b 1135.0 1585.0 5.0 15.0 0
< 807
b 1385.0 1580.0 5.0 10.0 0
< 808
b 1545.0 1740.0 5.0 170.0 0
< 809
b 1735.0 1740.0 5.0 170.0 0
< 810
b 1765.0 1580.0 5.0 10.0 0
< 811
b 1195.0 1600.0 5.0 20.0 0
< 812
b 1115.0 1750.0 5.0 160.0 0
< 813
b 1185.0 1750.0 5.0 160.0 0
< 814
b 1205.0 1610.0 5.0 10.0 0
< 815
b 1385.0 1630.0 5.0 30.0 0
< 816
b 1765.0 1665.0 5.0 65.0 0
< 817
b 1135.0 1635.0 5.0 25.0 0
< 818
b 1775.0 1645.0 5.0 25.0 0
< 819
b 1105.0 1770.0 5.0 140.0 0
< 820
b 1200.0 1640.0 10.0 10.0 0
< 821
b 1255.0 1650.0 5.0 20.0 0
< 822
b 1235.0 1775.0 5.0 135.0 0
< 823
b 1215.0 1655.0 15.0 5.0 0
< 824
b 1265.0 1695.0 5.0 45.0 0
< 825
b 1325.0 1655.0 5.0 5.0 0
< 826
b 1195.0 1665.0 5.0 5.0 0
< 827
b 1220.0 1785.0 10.0 125.0 0
< 828
b 1285.0 1665.0 5.0 5.0 0
< 829
b 1350.0 1665.0 10.0 5.0 0
< 830
b 1135.0 1790.0 5.0 120.0 0
< 831
b 1205.0 1790.0 5.0 120.0 0
< 832
b 1295.0 1700.0 5.0 30.0 0
< 833
b 1335.0 1675.0 5.0 5.0 0
< 834
b 1375.0 1675.0 15.0 5.0 0
< 835
b 1195.0 1795.0 5.0 115.0 0
< 836
b 1255.0 1795.0 5.0 115.0 0
< 837
b 1275.0 1705.0 5.0 25.0 0
< 838
b 1315.0 1685.0 15.0 5.0 0
< 839
b 1360.0 1685.0 10.0 5.0 0
< 840
b 1390.0 1685.0 10.0 5.0 0
< 841
b 1775.0 1695.0 5.0 15.0 0
< 842
b 1245.0 1800.0 5.0 110.0 0
< 843
b 1285.0 1725.0 5.0 35.0 0
< 844
b 1340.0 1695.0 10.0 5.0 0
< 845
b 1380.0 1695.0 10.0 5.0 0
< 846
b 1415.0 1695.0 15.0 5.0 0
< 847
b 1315.0 1710.0 15.0 10.0 0
< 848
b 1365.0 1705.0 5.0 5.0 0
< 849
b 1340.0 1715.0 10.0 5.0 0
< 850
b 1400.0 1715.0 30.0 5.0 0
< 851
b 1575.0 1810.0 5.0 100.0 0
< 852
b 1325.0 1725.0 15.0 5.0 0
< 853
b 1360.0 1725.0 10.0 5.0 0
< 854
b 1405.0 1735.0 5.0 15.0 0
< 855
b 1435.0 1725.0 15.0 5.0 0
< 856
b 1465.0 1815.0 5.0 95.0 0
< 857
b 1485.0 1815.0 5.0 95.0 0
< 858
b 1525.0 1815.0 5.0 95.0 0
< 859
b 1775.0 1730.0 5.0 10.0 0
< 860
b 1310.0 1735.0 10.0 5.0 0
< 861
b 1340.0 1740.0 10.0 10.0 0
< 862
b 1385.0 1735.0 15.0 5.0 0
< 863
b 1445.0 1735.0 15.0 5.0 0
< 864
b 1275.0 1755.0 5.0 15.0 0
< 865
b 1300.0 1745.0 10.0 5.0 0
< 866
b 1325.0 1755.0 5.0 15.0 0
< 867
b 1365.0 1755.0 15.0 15.0 0
< 868
b 1420.0 1750.0 10.0 10.0 0
< 869
b 1450.0 1750.0 10.0 10.0 0
< 870
b 1765.0 1825.0 5.0 85.0 0
< 871
b 1265.0 1830.0 5.0 80.0 0
< 872
b 1345.0 1830.0 5.0 80.0 0
< 873
b 1390.0 1830.0 10.0 80.0 0
< 874
b 1435.0 1755.0 5.0 5.0 0
< 875
b 1775.0 1755.0 5.0 5.0 0
< 876
b 1305.0 1765.0 15.0 5.0 0
< 877
b 1335.0 1835.0 5.0 75.0 0
< 878
b 1405.0 1835.0 5.0 75.0 0
< 879
b 1425.0 1835.0 5.0 75.0 0
< 880
b 1445.0 1835.0 5.0 75.0 0
< 881
b 1555.0 1835.0 5.0 75.0 0
< 882
b 1295.0 1775.0 15.0 5.0 0
< 883
b 1360.0 1840.0 10.0 70.0 0
< 884
b 1415.0 1785.0 5.0 15.0 0
< 885
b 1435.0 1840.0 5.0 70.0 0
< 886
b 1455.0 1840.0 5.0 70.0 0
< 887
b 1775.0 1840.0 5.0 70.0 0
< 888
b 1280.0 1845.0 10.0 65.0 0
< 889
b 1315.0 1785.0 15.0 5.0 0
< 890
b 1375.0 1845.0 5.0 65.0 0
< 891
b 1295.0 1795.0 5.0 5.0 0
< 892
b 1320.0 1850.0 10.0 60.0 0
< 893
b 1475.0 1850.0 5.0 60.0 0
< 894
b 1305.0 1855.0 5.0 55.0 0
< 895
b 1295.0 1860.0 5.0 50.0 0
< 896
b 1415.0 1860.0 5.0 50.0 0
< 897