/
/ circloO level
/ Made with circloO Level Editor
totalCircles 5 1
/ EDITOR_TOOL 1 select
/ EDITOR_VIEW 1500 1500 0.3
/ EDT 14400
/ _SAVE_TIME_1782243066_END
levelscriptVersion 10
COLORS 135
grav 1 270
b 605.0 1525.0 5.0 25.0 0
< 0
b 625.0 1525.0 5.0 25.0 0
< 1
b 615.0 1525.0 5.0 5.0 0
< 2
b 655.0 1505.0 15.0 5.0 0
< 3
b 645.0 1530.0 5.0 20.0 0
< 4
b 655.0 1525.0 5.0 5.0 0
< 5
b 660.0 1545.0 10.0 5.0 0
< 6
b 685.0 1525.0 5.0 25.0 0
< 7
b 700.0 1545.0 10.0 5.0 0
< 8
b 725.0 1525.0 5.0 25.0 0
< 9
b 740.0 1545.0 10.0 5.0 0
< 10
b 775.0 1505.0 15.0 5.0 0
< 11
b 765.0 1530.0 5.0 20.0 0
< 12
b 785.0 1530.0 5.0 20.0 0
< 13
b 775.0 1545.0 5.0 5.0 0
< 14
b 805.0 1550.0 5.0 10.0 0
< 15
b 845.0 1520.0 5.0 20.0 0
< 16
b 885.0 1520.0 5.0 20.0 0
< 17
b 865.0 1530.0 5.0 10.0 0
< 18
b 855.0 1545.0 5.0 5.0 0
< 19
b 875.0 1545.0 5.0 5.0 0
< 20
b 915.0 1505.0 15.0 5.0 0
< 21
b 905.0 1530.0 5.0 20.0 0
< 22
b 925.0 1530.0 5.0 20.0 0
< 23
b 915.0 1545.0 5.0 5.0 0
< 24
b 955.0 1505.0 15.0 5.0 0
< 25
b 945.0 1530.0 5.0 20.0 0
< 26
b 965.0 1515.0 5.0 5.0 0
< 27
b 955.0 1525.0 5.0 5.0 0
< 28
b 965.0 1540.0 5.0 10.0 0
< 29
b 985.0 1525.0 5.0 25.0 0
< 30
b 1000.0 1545.0 10.0 5.0 0
< 31
b 1030.0 1505.0 10.0 5.0 0
< 32
b 1025.0 1530.0 5.0 20.0 0
< 33
b 1045.0 1525.0 5.0 15.0 0
< 34
b 1035.0 1545.0 5.0 5.0 0
< 35
b 1065.0 1515.0 5.0 15.0 0
< 36
b 1065.0 1545.0 5.0 5.0 0
< 37
b 615.0 1565.0 15.0 5.0 0
< 38
b 615.0 1590.0 5.0 20.0 0
< 39
b 645.0 1585.0 5.0 25.0 0
< 40
b 665.0 1585.0 5.0 25.0 0
< 41
b 655.0 1585.0 5.0 5.0 0
< 42
b 695.0 1565.0 15.0 5.0 0
< 43
b 695.0 1590.0 5.0 20.0 0
< 44
b 685.0 1605.0 5.0 5.0 0
< 45
b 705.0 1605.0 5.0 5.0 0
< 46
b 735.0 1565.0 15.0 5.0 0
< 47
b 725.0 1580.0 5.0 10.0 0
< 48
b 740.0 1585.0 10.0 5.0 0
< 49
b 745.0 1600.0 5.0 10.0 0
< 50
b 730.0 1605.0 10.0 5.0 0
< 51
b 795.0 1565.0 15.0 5.0 0
< 52
b 795.0 1590.0 5.0 20.0 0
< 53
b 785.0 1605.0 5.0 5.0 0
< 54
b 805.0 1605.0 5.0 5.0 0
< 55
b 835.0 1565.0 15.0 5.0 0
< 56
b 825.0 1580.0 5.0 10.0 0
< 57
b 840.0 1585.0 10.0 5.0 0
< 58
b 845.0 1600.0 5.0 10.0 0
< 59
b 830.0 1605.0 10.0 5.0 0
< 60
b 895.0 1565.0 15.0 5.0 0
< 61
b 885.0 1580.0 5.0 10.0 0
< 62
b 900.0 1585.0 10.0 5.0 0
< 63
b 905.0 1600.0 5.0 10.0 0
< 64
b 890.0 1605.0 10.0 5.0 0
< 65
b 935.0 1565.0 15.0 5.0 0
< 66
b 925.0 1590.0 5.0 20.0 0
< 67
b 945.0 1590.0 5.0 20.0 0
< 68
b 935.0 1605.0 5.0 5.0 0
< 69
b 970.0 1565.0 10.0 5.0 0
< 70
b 1000.0 1565.0 10.0 5.0 0
< 71
b 965.0 1590.0 5.0 20.0 0
< 72
b 985.0 1580.0 5.0 10.0 0
< 73
b 1005.0 1590.0 5.0 20.0 0
< 74
b 1035.0 1565.0 15.0 5.0 0
< 75
b 1025.0 1590.0 5.0 20.0 0
< 76
b 1035.0 1585.0 5.0 5.0 0
< 77
b 1040.0 1605.0 10.0 5.0 0
< 78
b 1095.0 1565.0 15.0 5.0 0
< 79
b 1095.0 1590.0 5.0 20.0 0
< 80
b 1135.0 1565.0 15.0 5.0 0
< 81
b 1125.0 1590.0 5.0 20.0 0
< 82
b 1135.0 1585.0 5.0 5.0 0
< 83
b 1140.0 1605.0 10.0 5.0 0
< 84
b 1165.0 1570.0 5.0 10.0 0
< 85
b 1185.0 1570.0 5.0 10.0 0
< 86
b 1175.0 1585.0 5.0 5.0 0
< 87
b 1165.0 1600.0 5.0 10.0 0
< 88
b 1185.0 1600.0 5.0 10.0 0
< 89
b 1215.0 1565.0 15.0 5.0 0
< 90
b 1215.0 1590.0 5.0 20.0 0
< 91
b 1275.0 1565.0 15.0 5.0 0
< 92
b 1275.0 1590.0 5.0 20.0 0
< 93
b 1305.0 1585.0 5.0 25.0 0
< 94
b 1325.0 1585.0 5.0 25.0 0
< 95
b 1315.0 1585.0 5.0 5.0 0
< 96
b 1355.0 1565.0 15.0 5.0 0
< 97
b 1345.0 1590.0 5.0 20.0 0
< 98
b 1365.0 1590.0 5.0 20.0 0
< 99
b 1355.0 1585.0 5.0 5.0 0
< 100
b 1395.0 1565.0 15.0 5.0 0
< 101
b 1395.0 1590.0 5.0 20.0 0
< 102
b 1445.0 1580.0 5.0 20.0 0
< 103
b 1485.0 1580.0 5.0 20.0 0
< 104
b 1465.0 1590.0 5.0 10.0 0
< 105
b 1455.0 1605.0 5.0 5.0 0
< 106
b 1475.0 1605.0 5.0 5.0 0
< 107
b 1515.0 1565.0 15.0 5.0 0
< 108
b 1515.0 1590.0 5.0 20.0 0
< 109
b 1505.0 1605.0 5.0 5.0 0
< 110
b 1525.0 1605.0 5.0 5.0 0
< 111
b 1545.0 1585.0 5.0 25.0 0
< 112
b 1560.0 1605.0 10.0 5.0 0
< 113
b 1585.0 1585.0 5.0 25.0 0
< 114
b 1600.0 1605.0 10.0 5.0 0
< 115
b 1655.0 1565.0 15.0 5.0 0
< 116
b 1645.0 1590.0 5.0 20.0 0
< 117
b 1665.0 1575.0 5.0 5.0 0
< 118
b 1655.0 1585.0 5.0 5.0 0
< 119
b 1665.0 1600.0 5.0 10.0 0
< 120
b 1655.0 1605.0 5.0 5.0 0
< 121
b 1695.0 1565.0 15.0 5.0 0
< 122
b 1685.0 1590.0 5.0 20.0 0
< 123
b 1695.0 1585.0 5.0 5.0 0
< 124
b 1700.0 1605.0 10.0 5.0 0
< 125
b 1755.0 1565.0 15.0 5.0 0
< 126
b 1745.0 1590.0 5.0 20.0 0
< 127
b 1765.0 1590.0 5.0 20.0 0
< 128
b 1755.0 1585.0 5.0 5.0 0
< 129
b 1790.0 1565.0 10.0 5.0 0
< 130
b 1785.0 1590.0 5.0 20.0 0
< 131
b 1805.0 1585.0 5.0 15.0 0
< 132
b 1795.0 1605.0 5.0 5.0 0
< 133
b 1830.0 1565.0 10.0 5.0 0
< 134
b 1825.0 1590.0 5.0 20.0 0
< 135
b 1845.0 1585.0 5.0 15.0 0
< 136
b 1835.0 1605.0 5.0 5.0 0
< 137
b 1875.0 1565.0 15.0 5.0 0
< 138
b 1865.0 1590.0 5.0 20.0 0
< 139
b 1875.0 1585.0 5.0 5.0 0
< 140
b 1880.0 1605.0 10.0 5.0 0
< 141
b 1910.0 1565.0 10.0 5.0 0
< 142
b 1905.0 1590.0 5.0 20.0 0
< 143
b 1925.0 1585.0 5.0 15.0 0
< 144
b 1915.0 1605.0 5.0 5.0 0
< 145
b 1975.0 1565.0 15.0 5.0 0
< 146
b 1975.0 1590.0 5.0 20.0 0
< 147
b 2015.0 1565.0 15.0 5.0 0
< 148
b 2005.0 1590.0 5.0 20.0 0
< 149
b 2025.0 1590.0 5.0 20.0 0
< 150
b 2015.0 1605.0 5.0 5.0 0
< 151
b 2075.0 1565.0 15.0 5.0 0
< 152
b 2065.0 1590.0 5.0 20.0 0
< 153
b 2080.0 1605.0 10.0 5.0 0
< 154
b 2115.0 1565.0 15.0 5.0 0
< 155
b 2115.0 1590.0 5.0 20.0 0
< 156
b 2105.0 1605.0 5.0 5.0 0
< 157
b 2125.0 1605.0 5.0 5.0 0
< 158
b 2155.0 1565.0 15.0 5.0 0
< 159
b 2145.0 1590.0 5.0 20.0 0
< 160
b 2165.0 1575.0 5.0 5.0 0
< 161
b 2155.0 1585.0 5.0 5.0 0
< 162
b 2165.0 1600.0 5.0 10.0 0
< 163
b 2195.0 1565.0 15.0 5.0 0
< 164
b 2185.0 1590.0 5.0 20.0 0
< 165
b 2200.0 1605.0 10.0 5.0 0
< 166
b 2225.0 1585.0 5.0 25.0 0
< 167
b 2240.0 1605.0 10.0 5.0 0
< 168
b 2275.0 1565.0 15.0 5.0 0
< 169
b 2265.0 1590.0 5.0 20.0 0
< 170
b 2285.0 1590.0 5.0 20.0 0
< 171
b 2275.0 1605.0 5.0 5.0 0
< 172
b 2315.0 1565.0 15.0 5.0 0
< 173
b 2305.0 1590.0 5.0 20.0 0
< 174
b 2325.0 1590.0 5.0 20.0 0
< 175
b 2315.0 1605.0 5.0 5.0 0
< 176
b 2365.0 1575.0 5.0 5.0 0
< 177
b 2365.0 1605.0 5.0 5.0 0
< 178
b 2385.0 1565.0 5.0 5.0 0
< 179
b 2395.0 1585.0 5.0 15.0 0
< 180
b 2385.0 1605.0 5.0 5.0 0
< 181
b 615.0 1625.0 15.0 5.0 0
< 182
b 615.0 1650.0 5.0 20.0 0
< 183
b 645.0 1645.0 5.0 25.0 0
< 184
b 665.0 1645.0 5.0 25.0 0
< 185
b 655.0 1645.0 5.0 5.0 0
< 186
b 695.0 1625.0 15.0 5.0 0
< 187
b 685.0 1650.0 5.0 20.0 0
< 188
b 695.0 1645.0 5.0 5.0 0
< 189
b 700.0 1665.0 10.0 5.0 0
< 190
b 755.0 1625.0 15.0 5.0 0
< 191
b 745.0 1650.0 5.0 20.0 0
< 192
b 765.0 1655.0 5.0 25.0 0
< 193
b 755.0 1665.0 5.0 5.0 0
< 194
b 775.0 1675.0 5.0 5.0 0
< 195
b 785.0 1645.0 5.0 25.0 0
< 196
b 805.0 1645.0 5.0 25.0 0
< 197
b 795.0 1665.0 5.0 5.0 0
< 198
b 835.0 1625.0 15.0 5.0 0
< 199
b 835.0 1650.0 5.0 20.0 0
< 200
b 825.0 1665.0 5.0 5.0 0
< 201
b 845.0 1665.0 5.0 5.0 0
< 202
b 875.0 1625.0 15.0 5.0 0
< 203
b 865.0 1650.0 5.0 20.0 0
< 204
b 880.0 1665.0 10.0 5.0 0
< 205
b 905.0 1645.0 5.0 25.0 0
< 206
b 925.0 1630.0 5.0 10.0 0
< 207
b 915.0 1645.0 5.0 5.0 0
< 208
b 925.0 1660.0 5.0 10.0 0
< 209
b 975.0 1625.0 15.0 5.0 0
< 210
b 965.0 1650.0 5.0 20.0 0
< 211
b 985.0 1635.0 5.0 5.0 0
< 212
b 975.0 1645.0 5.0 5.0 0
< 213
b 985.0 1660.0 5.0 10.0 0
< 214
b 975.0 1665.0 5.0 5.0 0
< 215
b 1015.0 1625.0 15.0 5.0 0
< 216
b 1005.0 1650.0 5.0 20.0 0
< 217
b 1025.0 1635.0 5.0 5.0 0
< 218
b 1015.0 1645.0 5.0 5.0 0
< 219
b 1025.0 1660.0 5.0 10.0 0
< 220
b 1055.0 1625.0 15.0 5.0 0
< 221
b 1045.0 1650.0 5.0 20.0 0
< 222
b 1065.0 1650.0 5.0 20.0 0
< 223
b 1055.0 1665.0 5.0 5.0 0
< 224
b 1085.0 1640.0 5.0 20.0 0
< 225
b 1125.0 1640.0 5.0 20.0 0
< 226
b 1105.0 1650.0 5.0 10.0 0
< 227
b 1095.0 1665.0 5.0 5.0 0
< 228
b 1115.0 1665.0 5.0 5.0 0
< 229
b 1155.0 1625.0 15.0 5.0 0
< 230
b 1145.0 1650.0 5.0 20.0 0
< 231
b 1165.0 1650.0 5.0 20.0 0
< 232
b 1215.0 1625.0 15.0 5.0 0
< 233
b 1205.0 1650.0 5.0 20.0 0
< 234
b 1220.0 1645.0 10.0 5.0 0
< 235
b 1255.0 1625.0 15.0 5.0 0
< 236
b 1245.0 1650.0 5.0 20.0 0
< 237
b 1265.0 1650.0 5.0 20.0 0
< 238
b 1255.0 1665.0 5.0 5.0 0
< 239
b 1285.0 1630.0 5.0 10.0 0
< 240
b 1305.0 1630.0 5.0 10.0 0
< 241
b 1295.0 1645.0 5.0 5.0 0
< 242
b 1285.0 1660.0 5.0 10.0 0
< 243
b 1305.0 1660.0 5.0 10.0 0
< 244
b 1355.0 1625.0 15.0 5.0 0
< 245
b 1355.0 1650.0 5.0 20.0 0
< 246
b 1345.0 1665.0 5.0 5.0 0
< 247
b 1385.0 1645.0 5.0 25.0 0
< 248
b 1405.0 1645.0 5.0 25.0 0
< 249
b 1395.0 1665.0 5.0 5.0 0
< 250
b 1430.0 1625.0 10.0 5.0 0
< 251
b 1460.0 1625.0 10.0 5.0 0
< 252
b 1425.0 1650.0 5.0 20.0 0
< 253
b 1445.0 1640.0 5.0 10.0 0
< 254
b 1465.0 1650.0 5.0 20.0 0
< 255
b 1495.0 1625.0 15.0 5.0 0
< 256
b 1485.0 1650.0 5.0 20.0 0
< 257
b 1505.0 1640.0 5.0 10.0 0
< 258
b 1495.0 1645.0 5.0 5.0 0
< 259
b 1535.0 1625.0 15.0 5.0 0
< 260
b 1525.0 1640.0 5.0 10.0 0
< 261
b 1540.0 1645.0 10.0 5.0 0
< 262
b 1545.0 1660.0 5.0 10.0 0
< 263
b 1530.0 1665.0 10.0 5.0 0
< 264
b 1595.0 1625.0 15.0 5.0 0
< 265
b 1585.0 1650.0 5.0 20.0 0
< 266
b 1605.0 1650.0 5.0 20.0 0
< 267
b 1595.0 1665.0 5.0 5.0 0
< 268
b 1625.0 1640.0 5.0 20.0 0
< 269
b 1645.0 1640.0 5.0 20.0 0
< 270
b 1635.0 1665.0 5.0 5.0 0
< 271
b 1675.0 1625.0 15.0 5.0 0
< 272
b 1665.0 1650.0 5.0 20.0 0
< 273
b 1675.0 1645.0 5.0 5.0 0
< 274
b 1680.0 1665.0 10.0 5.0 0
< 275
b 1715.0 1625.0 15.0 5.0 0
< 276
b 1705.0 1650.0 5.0 20.0 0
< 277
b 1725.0 1635.0 5.0 5.0 0
< 278
b 1715.0 1645.0 5.0 5.0 0
< 279
b 1725.0 1660.0 5.0 10.0 0
< 280
b 1775.0 1625.0 15.0 5.0 0
< 281
b 1775.0 1650.0 5.0 20.0 0
< 282
b 1805.0 1645.0 5.0 25.0 0
< 283
b 1825.0 1645.0 5.0 25.0 0
< 284
b 1815.0 1645.0 5.0 5.0 0
< 285
b 1855.0 1625.0 15.0 5.0 0
< 286
b 1845.0 1650.0 5.0 20.0 0
< 287
b 1855.0 1645.0 5.0 5.0 0
< 288
b 1860.0 1665.0 10.0 5.0 0
< 289
b 1905.0 1645.0 5.0 25.0 0
< 290
b 1920.0 1665.0 10.0 5.0 0
< 291
b 1955.0 1625.0 15.0 5.0 0
< 292
b 1945.0 1650.0 5.0 20.0 0
< 293
b 1965.0 1650.0 5.0 20.0 0
< 294
b 1955.0 1645.0 5.0 5.0 0
< 295
b 1995.0 1625.0 15.0 5.0 0
< 296
b 2005.0 1635.0 5.0 5.0 0
< 297
b 1995.0 1645.0 5.0 5.0 0
< 298
b 1985.0 1660.0 5.0 10.0 0
< 299
b 2000.0 1665.0 10.0 5.0 0
< 300
b 2025.0 1635.0 5.0 15.0 0
< 301
b 2045.0 1635.0 5.0 15.0 0
< 302
b 2035.0 1655.0 5.0 15.0 0
< 303
b 2090.0 1625.0 10.0 5.0 0
< 304
b 2085.0 1650.0 5.0 20.0 0
< 305
b 2105.0 1645.0 5.0 15.0 0
< 306
b 2095.0 1665.0 5.0 5.0 0
< 307
b 2135.0 1625.0 15.0 5.0 0
< 308
b 2125.0 1650.0 5.0 20.0 0
< 309
b 2145.0 1650.0 5.0 20.0 0
< 310
b 2135.0 1665.0 5.0 5.0 0
< 311
b 2175.0 1625.0 15.0 5.0 0
< 312
b 2165.0 1650.0 5.0 20.0 0
< 313
b 2185.0 1655.0 5.0 15.0 0
< 314
b 2175.0 1665.0 5.0 5.0 0
< 315
b 2205.0 1665.0 5.0 5.0 0
< 316